2.0
4.8
4.28571428571
4.0
4.1
4.60869565217
4.96
4.8
4.58823529412
4.5
4.74418604651
4.5652173913
4.50980392157
4.60377358491
4.54545454545
4.49122807018
4.39344262295
4.47619047619
4.61538461538
4.69696969697
4.6
4.49315068493
4.56
4.525
4.55813953488
4.48888888889
4.42553191489
4.47916666667
4.45544554455
4.60194174757
4.57142857143
4.57142857143
4.58490566038
4.57943925234
4.62385321101
4.72072072072
4.79661016949
4.82352941176
4.79032258065
4.832
4.765625
4.765625
4.80620155039
4.7786259542
4.71641791045
4.71641791045
4.69117647059
4.76258992806
4.70422535211
4.64827586207
4.68027210884
4.73825503356
4.77333333333
4.80263157895
4.82352941176
4.83116883117
4.83870967742
4.83870967742
4.84076433121
4.85350318471
4.9125
4.85889570552
4.87804878049
4.93333333333
5.0289017341
4.97727272727
4.95027624309
4.90217391304
4.85561497326
4.83597883598
4.79166666667
4.75510204082
4.76237623762
4.77832512315
4.77832512315
4.81951219512
4.77884615385
4.74528301887
4.72897196262
4.69124423963
4.70642201835
4.75113122172
4.77130044843
4.74008810573
4.75982532751
4.74358974359
4.76595744681
4.77966101695
4.78481012658
4.80672268908
4.79166666667
4.78838174274
4.79352226721
4.76
4.76494023904
4.73228346457
4.734375
4.70769230769
4.86666666667
4.86666666667
4.96774193548
4.96774193548
4.98571428571
4.95406360424
4.97183098592
4.97202797203
4.94482758621
4.91467576792
4.88888888889
4.84827586207
4.87671232877
4.84429065744
4.82993197279
4.82229965157
4.79725085911
4.81506849315
4.87972508591
4.86486486486
4.87162162162
4.96393442623
4.96416938111
4.97402597403
4.97087378641
4.97931034483
5.00684931507
5.02040816327
4.94557823129
4.91582491582
4.91946308725
4.90969899666
4.90604026846
4.89700996678
4.88235294118
4.88461538462
4.88461538462
4.89250814332
4.8961038961
4.89677419355
5.0
5.02236421725
5.03773584906
5.0407523511
5.0407523511
5.04761904762
5.01886792453
4.99065420561
4.97178683386
5.02140672783
4.99393939394
4.97910447761
4.99404761905
4.96696696697
4.89096573209
4.87925696594
4.91588785047
4.92546583851
4.91692307692
4.93209876543
4.90853658537
4.94189602446
4.96341463415
5.00303951368
5.00606060606
4.98203592814
4.99404761905
4.96755162242
4.95348837209
4.92795389049
4.93982808023
4.91477272727
4.92655367232
4.8895184136
4.86516853933
4.87394957983
4.87709497207
4.87955182073
4.85555555556
4.85555555556
4.89502762431
4.89673913043
4.85318559557
4.82967032967
4.79781420765
4.81198910082
4.83195592287
4.85070422535
4.81920903955
4.80473372781
4.80825958702
4.8908045977
4.99705014749
4.97376093294
4.94797687861
4.95402298851
4.92877492877
4.9375
4.8908045977
4.92711370262
4.90173410405
4.88888888889
4.90909090909
4.88764044944
4.8595505618
4.88439306358
4.85959885387
4.84057971014
4.84149855908
4.83428571429
4.84813753582
4.82386363636
4.8328611898
4.83050847458
4.83050847458
4.84269662921
4.81894150418
4.82222222222
4.8077994429
4.7967032967
4.81767955801
4.82967032967
4.8097826087
4.78706199461
4.80108991826
4.77837837838
4.65205479452
4.57142857143
4.5348189415
4.54246575342
4.57458563536
4.55342465753
4.57297297297
4.57681940701
4.54787234043
4.52770448549
4.58695652174
4.59078590786
4.56989247312
4.55284552846
4.6170212766
4.62765957447
4.61497326203
4.63043478261
4.60916442049
4.55434782609
4.54594594595
4.45378151261
4.46368715084
4.4432132964
4.43715846995
4.44262295082
4.39889196676
4.42105263158
4.45762711864
4.47191011236
4.48179271709
4.48044692737
4.48044692737
4.48450704225
4.56818181818
4.43604651163
4.41954022989
4.39886039886
4.36781609195
4.34757834758
4.32768361582
4.31284916201
4.38285714286
4.38285714286
4.36260623229
4.27810650888
4.31641791045
4.33734939759
4.35329341317
4.33434650456
4.34545454545
4.39274924471
4.3869047619
4.40236686391
4.375
4.28571428571
4.31152647975
4.29538461538
4.29538461538
4.3119266055
4.29090909091
4.32640949555
4.30952380952
4.36474164134
4.37735849057
4.38888888889
4.54054054054
4.5993883792
4.80357142857
4.85465116279
4.85714285714
4.85797101449
4.86705202312
4.8547008547
4.85552407932
4.85552407932
4.87005649718
4.87005649718
4.84916201117
4.83240223464
4.83516483516
4.81198910082
4.78167115903
4.77837837838
4.77211796247
4.81720430108
4.87150837989
4.85082872928
4.83888888889
4.83888888889
4.85
4.83835616438
4.86187845304
4.85950413223
4.86263736264
4.83923705722
4.88385269122
4.8595505618
4.87252124646
4.85154061625
4.85154061625
4.82777777778
4.82451253482
4.82548476454
4.83146067416
4.84033613445
4.82872928177
4.81894150418
4.8676056338
4.84679665738
4.84659090909
4.85465116279
4.85465116279
5.05202312139
5.06051873199
5.07471264368
5.0988372093
5.0988372093
5.16814159292
5.18235294118
5.17201166181
5.16224188791
5.16470588235
5.1788856305
5.15362318841
5.14454277286
5.14705882353
5.15294117647
5.17117117117
5.14285714286
5.16913946588
5.13529411765
5.19308357349
5.20343839542
5.21590909091
5.17948717949
5.1875
5.13372093023
5.14202898551
5.15273775216
5.12571428571
5.13793103448
5.11111111111
5.19533527697
5.19533527697
5.20348837209
5.20348837209
5.20579710145
5.18857142857
5.20454545455
5.21813031161
5.17746478873
5.18181818182
5.2268907563
5.2
